MEMORY
  total           14510 KB
  struct            159 KB
  buffer             15 KB
  arena           14336 KB, used 0.0%

SIZES
  narena                14680064
  nbuffer               15392
  nplugin               0
  maxuse_stack          984
  maxuse_arena          984
  maxuse_con            0
  maxuse_efc            0
  ncon                  0
  ne                    0
  nf                    0
  nl                    0
  nefc                  0
  nJ                    0
  nA                    0
  nisland               0
  nidof                 0
  ntree_awake           3
  nbody_awake           10
  nparent_awake         9
  nv_awake              12
  flg_energypos         0
  flg_energyvel         0
  flg_subtreevel        0
  flg_rnepost           0
  threadpool            0

TIMER
    0:  duration =  6.5        number = 1742
    1:  duration =  5.4        number = 1742
    2:  duration =  0          number = 0
    3:  duration =  3.3        number = 1742
    4:  duration =  1.4        number = 1742
    5:  duration =  0          number = 0
    6:  duration =  0.045      number = 1742
    7:  duration =  0.83       number = 1742
    8:  duration =  1.5        number = 1742
    9:  duration =  0.66       number = 1742
    10:  duration =  0.32       number = 1742
    11:  duration =  0.47       number = 1742
    12:  duration =  0.037      number = 1742
    13:  duration =  0.13       number = 1742
    14:  duration =  0.054      number = 1742

ENERGY =   0         0       

TIME =  42      

QPOS
   1       
  -3.8e-06 
  -3.3e-06 
   3.5e-18 
  -1.8e-09 
   1       
   4.8e-06 
  -1.6e-06 
   2.1e-18 
  -1.8e-09 
   1       
  -9.8e-07 
   5e-06   
   4.1e-18 
  -1.8e-09 

QVEL
  -1.7e-07 
  -1.5e-07 
  -2.6e-20 
   5.1e-16 
   2.1e-07 
  -7.1e-08 
  -1.5e-19 
   5.1e-16 
  -4.3e-08 
   2.2e-07 
   2.9e-20 
   5.1e-16 

QACC_WARMSTART
   2e-05   
   1.3e-06 
  -9.4e-06 
   1.1e-23 
  -1.1e-05 
   1.7e-05 
  -9.4e-06 
  -8e-16   
  -9e-06   
  -1.8e-05 
  -9.4e-06 
   1.5e-23 

QFRC_APPLIED
   0       
   0       
   0       
   0       
   0       
   0       
   0       
   0       
   0       
   0       
   0       
   0       

XFRC_APPLIED
   0         0         0         0         0         0       
   0         0         0         0         0         0       
   0         0         0         0         0         0       
   0         0         0         0         0         0       
   0         0         0         0         0         0       
   0         0         0         0         0         0       
   0         0         0         0         0         0       
   0         0         0         0         0         0       
   0         0         0         0         0         0       
   0         0         0         0         0         0       

QACC
   2e-05   
   1.3e-06 
  -9.4e-06 
   1.1e-23 
  -1.1e-05 
   1.7e-05 
  -9.4e-06 
  -8e-16   
  -9e-06   
  -1.8e-05 
  -9.4e-06 
   1.5e-23 

TREE_ASLEEP
  -11
  -11
  -11

XPOS
   0         0         0       
   0         0         0       
   0.0048    0.003     0.0043  
  -0.00042   0.006     0.0087  
  -0.005     0.0026    0.0043  
  -0.005    -0.0034    0.0087  
   0.00021  -0.0057    0.0043  
   0.0054   -0.0026    0.0087  
   0         0         0.013   
   0         0         0.025   

XQUAT
   1         0         0         0       
   1         0         0         0       
   1        -3.8e-06  -3.3e-06   3.5e-18 
   1        -3.8e-06  -3.3e-06   3.5e-18 
   1         4.8e-06  -1.6e-06   2.1e-18 
   1         4.8e-06  -1.6e-06   2.1e-18 
   1        -9.8e-07   5e-06     4.1e-18 
   1        -9.8e-07   5e-06     4.1e-18 
   1         0         0         0       
   1         0         0         0       

XMAT
   1         0         0         0         1         0         0         0         1       
   1         0         0         0         1         0         0         0         1       
   1         2.5e-11  -6.7e-06   2.5e-11   1         7.6e-06   6.7e-06  -7.6e-06   1       
   1         2.5e-11  -6.7e-06   2.5e-11   1         7.6e-06   6.7e-06  -7.6e-06   1       
   1        -1.6e-11  -3.3e-06  -1.6e-11   1        -9.6e-06   3.3e-06   9.6e-06   1       
   1        -1.6e-11  -3.3e-06  -1.6e-11   1        -9.6e-06   3.3e-06   9.6e-06   1       
   1        -9.7e-12   9.9e-06  -9.7e-12   1         2e-06    -9.9e-06  -2e-06     1       
   1        -9.7e-12   9.9e-06  -9.7e-12   1         2e-06    -9.9e-06  -2e-06     1       
   1         0         0         0         1         0         0         0         1       
   1         0         0         0         1         0         0         0         1       

XIPOS
   0         0         0       
   0         0         0       
   0.0096    0.006     0.0087  
  -0.0056    0.009     0.013   
  -0.01      0.0053    0.0087  
  -0.005    -0.0094    0.013   
   0.00042  -0.011     0.0087  
   0.011     0.00037   0.013   
   0         0         0.025   
   0         0         0.05    

XIMAT
   1         0         0         0         1         0         0         0         1       
   1         0         0         0         1         0         0         0         1       
   1         2.5e-11  -6.7e-06   2.5e-11   1         7.6e-06   6.7e-06  -7.6e-06   1       
   1         2.5e-11  -6.7e-06   2.5e-11   1         7.6e-06   6.7e-06  -7.6e-06   1       
   1        -1.6e-11  -3.3e-06  -1.6e-11   1        -9.6e-06   3.3e-06   9.6e-06   1       
   1        -1.6e-11  -3.3e-06  -1.6e-11   1        -9.6e-06   3.3e-06   9.6e-06   1       
   1        -9.7e-12   9.9e-06  -9.7e-12   1         2e-06    -9.9e-06  -2e-06     1       
   1        -9.7e-12   9.9e-06  -9.7e-12   1         2e-06    -9.9e-06  -2e-06     1       
   1         0         0         0         1         0         0         0         1       
   1         0         0         0         1         0         0         0         1       

XANCHOR
   0.0071    0.0017    0.0024  
   0.0019    0.0047    0.0068  
  -0.005     0.0053    0.0024  
  -0.005    -0.00074   0.0068  
  -0.0021   -0.007     0.0024  
   0.0031   -0.004     0.0068  

XAXIS
   0         0         1       
  -0.7       0.41      0.59    
   0         0         1       
  -1.9e-06  -0.81      0.59    
   0         0         1       
   0.7       0.41      0.59    

SITE_XPOS
   0         0         0       
   0.01      0         0       
  -0.005     0.0087    0       
  -0.005    -0.0087    0       
   0.0071    0.0017    0.0024  
   0.0025    0.0043    0.0062  
   0.0019    0.0047    0.0068  
  -0.0027    0.0073    0.011   
  -0.005     0.0053    0.0024  
  -0.005    -3.6e-08   0.0062  
  -0.005    -0.00074   0.0068  
  -0.005    -0.006     0.011   
  -0.0021   -0.007     0.0024  
   0.0025   -0.0043    0.0062  
   0.0031   -0.004     0.0068  
   0.0077   -0.0013    0.011   
   0         0         0.013   
  -0.005     0.0087    0.013   
  -0.005    -0.0087    0.013   
   0.01     -2.4e-18   0.013   
   0         0         0.025   

SITE_XMAT
   1         0         0         0         1         0         0         0         1       
   1         0         0         0         1         0         0         0         1       
   1         0         0         0         1         0         0         0         1       
   1         0         0         0         1         0         0         0         1       
   1         2.5e-11  -6.7e-06   2.5e-11   1         7.6e-06   6.7e-06  -7.6e-06   1       
   1         2.5e-11  -6.7e-06   2.5e-11   1         7.6e-06   6.7e-06  -7.6e-06   1       
   1         2.5e-11  -6.7e-06   2.5e-11   1         7.6e-06   6.7e-06  -7.6e-06   1       
   1         2.5e-11  -6.7e-06   2.5e-11   1         7.6e-06   6.7e-06  -7.6e-06   1       
   1        -1.6e-11  -3.3e-06  -1.6e-11   1        -9.6e-06   3.3e-06   9.6e-06   1       
   1        -1.6e-11  -3.3e-06  -1.6e-11   1        -9.6e-06   3.3e-06   9.6e-06   1       
   1        -1.6e-11  -3.3e-06  -1.6e-11   1        -9.6e-06   3.3e-06   9.6e-06   1       
   1        -1.6e-11  -3.3e-06  -1.6e-11   1        -9.6e-06   3.3e-06   9.6e-06   1       
   1        -9.7e-12   9.9e-06  -9.7e-12   1         2e-06    -9.9e-06  -2e-06     1       
   1        -9.7e-12   9.9e-06  -9.7e-12   1         2e-06    -9.9e-06  -2e-06     1       
   1        -9.7e-12   9.9e-06  -9.7e-12   1         2e-06    -9.9e-06  -2e-06     1       
   1        -9.7e-12   9.9e-06  -9.7e-12   1         2e-06    -9.9e-06  -2e-06     1       
   1         0         0         0         1         0         0         0         1       
   1         0         0         0         1         0         0         0         1       
   1         0         0         0         1         0         0         0         1       
   1         0         0         0         1         0         0         0         1       
   1         0         0         0         1         0         0         0         1       

SUBTREE_COM
  -8.3e-17   5.7e-17   0.025   
  -2.4e-16   1.6e-16   0.00096 
   0.002     0.0075    0.011   
  -0.0056    0.009     0.013   
  -0.0075   -0.0021    0.011   
  -0.005    -0.0094    0.013   
   0.0055   -0.0055    0.011   
   0.011     0.00037   0.013   
   0         0         0.025   
   0         0         0.05    

CDOF
   1         2.5e-11   6.7e-06   1.1e-08   0.0015   -0.0017  
   2.5e-11   1        -7.6e-06  -0.0015    5.4e-08   0.0071  
  -6.7e-06   7.6e-06   1         0.0017   -0.0071    6.5e-08 
   0         0         0        -0.7       0.41      0.59    
   1        -1.6e-11   3.3e-06   1.7e-08   0.0015   -0.0053  
  -1.6e-11   1         9.6e-06  -0.0015    4.8e-08  -0.005   
  -3.3e-06  -9.6e-06   1         0.0053    0.005     6.5e-08 
   0         0         0        -1.9e-06  -0.81      0.59    
   1        -9.7e-12  -9.9e-06   6.9e-08   0.0015    0.007   
  -9.7e-12   1        -2e-06    -0.0015   -4.1e-09  -0.0021  
   9.9e-06   2e-06     1        -0.007     0.0021    6.5e-08 
   0         0         0         0.7       0.41      0.59    

CINERT
   0         0         0         0         0         0         0         0         0         0       
   4.3e-08   4.3e-08   4.2e-08   4e-35     2.4e-22  -1.6e-22   2.4e-19  -1.7e-19  -1e-06     0.001   
   1.6e-09   2.6e-09   2.2e-09  -9.7e-10  -1.2e-09  -7.8e-10   1.6e-07   1e-07     1.3e-07   1.7e-05 
   3.8e-09   3e-09     1.9e-09   8.6e-10   1.1e-09  -1.8e-09  -9.5e-08   1.5e-07   2e-07     1.7e-05 
   1.5e-09   2.7e-09   2.2e-09   8.9e-10   1.3e-09  -6.9e-10  -1.7e-07   8.9e-08   1.3e-07   1.7e-05 
   3.9e-09   2.9e-09   1.9e-09  -7.9e-10   1e-09     1.9e-09  -8.4e-08  -1.6e-07   2e-07     1.7e-05 
   3.2e-09   1e-09     2.2e-09   8.1e-11  -5.5e-11   1.5e-09   7.2e-09  -1.9e-07   1.3e-07   1.7e-05 
   2.5e-09   4.4e-09   1.9e-09  -6.6e-11  -2.2e-09  -7.5e-11   1.8e-07   6.2e-09   2e-07     1.7e-05 
   4.2e-08   4.2e-08   4.2e-08   0         0         0         0         0         3.6e-21   0.001   
   4.2e-08   4.2e-08   4.2e-08   0         0         0         0         0         7.2e-21   0.001   

CRB
   0         0         0         0         0         0         0         0         0         0       
   5.9e-08   5.9e-08   5.4e-08  -2.7e-22   2e-21    -2e-22     0         0         0         0.0011  
   5.4e-09   5.5e-09   4.1e-09  -1.1e-10  -1e-10    -2.6e-09   6.6e-08   2.5e-07   3.3e-07   3.4e-05 
   3.8e-09   3e-09     1.9e-09   8.6e-10   1.1e-09  -1.8e-09  -9.5e-08   1.5e-07   2e-07     1.7e-05 
   5.4e-09   5.6e-09   4.1e-09   9.9e-11   2.3e-09   1.2e-09  -2.5e-07  -6.9e-08   3.3e-07   3.4e-05 
   3.9e-09   2.9e-09   1.9e-09  -7.9e-10   1e-09     1.9e-09  -8.4e-08  -1.6e-07   2e-07     1.7e-05 
   5.6e-09   5.4e-09   4.1e-09   1.5e-11  -2.2e-09   1.4e-09   1.9e-07  -1.8e-07   3.3e-07   3.4e-05 
   2.5e-09   4.4e-09   1.9e-09  -6.6e-11  -2.2e-09  -7.5e-11   1.8e-07   6.2e-09   2e-07     1.7e-05 
   4.2e-08   4.2e-08   4.2e-08   0         0         0         0         0         3.6e-21   0.001   
   4.2e-08   4.2e-08   4.2e-08   0         0         0         0         0         7.2e-21   0.001   

QM
   3.8e-09 
   1.4e-09   5.4e-09 
   2e-09    -1.8e-09   4.1e-09 
   9.1e-24   0         4e-23     1.7e-05 
                                           6.2e-09 
                                          -1.3e-24   3e-09   
                                           5.3e-10   2.6e-09   4.1e-09 
                                           4e-23    -6.6e-24  -1.3e-23   1.7e-05 
                                                                                   3.8e-09 
                                                                                  -1.4e-09   5.4e-09 
                                                                                  -2.5e-09  -8.5e-10   4.1e-09 
                                                                                  -1.3e-23   1.7e-23   8.3e-24   1.7e-05 

M
     0:  3.8e-09 
     0:  1.4e-09    1:  5.4e-09 
     0:  2e-09      1: -1.8e-09    2:  4.1e-09 
     0:  9.1e-24    1:  0          2:  4e-23      3:  1.7e-05 
     4:  6.2e-09 
     4: -1.3e-24    5:  3e-09   
     4:  5.3e-10    5:  2.6e-09    6:  4.1e-09 
     4:  4e-23      5: -6.6e-24    6: -1.3e-23    7:  1.7e-05 
     8:  3.8e-09 
     8: -1.4e-09    9:  5.4e-09 
     8: -2.5e-09    9: -8.5e-10   10:  4.1e-09 
     8: -1.3e-23    9:  1.7e-23   10:  8.3e-24   11:  1.7e-05 

QLD
     0:  1.7e-09 
     0:  0.49       1:  4.6e-09 
     0:  0.49       1: -0.44       2:  4.1e-09 
     0:  5.4e-19    1:  0          2:  2.4e-18    3:  1.7e-05 
     4:  6e-09   
     4: -0.27       5:  1.3e-09 
     4:  0.13       5:  0.65       6:  4.1e-09 
     4:  2.4e-18    5: -3.9e-19    6: -7.9e-19    7:  1.7e-05 
     8:  1.5e-09 
     8: -0.37       9:  5.2e-09 
     8: -0.62       9: -0.21      10:  4.1e-09 
     8: -7.9e-19    9:  9.8e-19   10:  4.9e-19   11:  1.7e-05 

QLDIAGINV
   6e+08   
   2.2e+08 
   2.5e+08 
   5.9e+04 
   1.7e+08 
   7.8e+08 
   2.5e+08 
   5.9e+04 
   6.7e+08 
   1.9e+08 
   2.5e+08 
   5.9e+04 

QH
     0:  0.0001  
     0:  1.4e-05    1:  0.0001  
     0:  2e-05      1: -1.8e-05    2:  0.0001  
     0:  7.8e-20    1:  0          2:  3.4e-19    3:  0.00012 
     4:  0.0001  
     4: -1.4e-10    5:  0.0001  
     4:  5.3e-06    5:  2.6e-05    6:  0.0001  
     4:  3.4e-19    5: -5.7e-20    6: -1.1e-19    7:  0.00012 
     8:  0.0001  
     8: -1.4e-05    9:  0.0001  
     8: -2.5e-05    9: -8.5e-06   10:  0.0001  
     8: -1.1e-19    9:  1.4e-19   10:  7.1e-20   11:  0.00012 

QHDIAGINV
   1e+04   
   1e+04   
   1e+04   
   8.6e+03 
   1e+04   
   1e+04   
   1e+04   
   8.6e+03 
   1e+04   
   1e+04   
   1e+04   
   8.6e+03 

TREE_AWAKE
  1 1 1

BODY_AWAKE
  -1 -1 1 1 1 1 1 1 -1 -1

BODY_AWAKE_IND
  0 1 2 3 4 5 6 7 8 9

PARENT_AWAKE_IND
  1 2 3 4 5 6 7 8 9

DOF_AWAKE_IND
  0 1 2 3 4 5 6 7 8 9 10 11

QDERIV
     0: -10         1:  0          2:  0          3:  0       
     0:  0          1: -10         2:  0          3:  0       
     0:  0          1:  0          2: -10         3:  0       
     0:  0          1:  0          2:  0          3: -10      
     4: -10         5:  0          6:  0          7:  0       
     4:  0          5: -10         6:  0          7:  0       
     4:  0          5:  0          6: -10         7:  0       
     4:  0          5:  0          6:  0          7: -10      
     8: -10         9:  0         10:  0         11:  0       
     8:  0          9: -10        10:  0         11:  0       
     8:  0          9:  0         10: -10        11:  0       
     8:  0          9:  0         10:  0         11: -10      

CVEL
   0         0         0         0         0         0       
   0         0         0         0         0         0       
  -1.7e-07  -1.5e-07  -3e-20     2.1e-10  -2.4e-10  -7.5e-10 
  -1.7e-07  -1.5e-07  -3e-20     2.1e-10  -2.4e-10  -7.5e-10 
   2.1e-07  -7.1e-08  -1.4e-19   1e-10     3.1e-10  -7.5e-10 
   2.1e-07  -7.1e-08  -1.4e-19   1e-10     3.1e-10  -7.5e-10 
  -4.3e-08   2.2e-07   1.7e-20  -3.2e-10  -6.3e-11  -7.5e-10 
  -4.3e-08   2.2e-07   1.7e-20  -3.2e-10  -6.3e-11  -7.5e-10 
   0         0         0         0         0         0       
   0         0         0         0         0         0       

CDOF_DOT
   0         0         0         0         0         0       
  -0         0         0         0         0         0       
   0        -0         0         0         0         0       
   0         0         0        -8.5e-08   9.7e-08  -1.7e-07 
   0         0        -0         0         0         0       
   0        -0         0         0         0         0       
   0        -0         0         0         0         0       
   0        -0         0        -4.2e-08  -1.2e-07  -1.7e-07 
   0         0        -0         0         0         0       
  -0         0         0         0         0         0       
   0         0         0         0         0         0       
   0         0        -0         1.3e-07   2.5e-08  -1.7e-07 

QFRC_BIAS
   1.9e-06 
   1.7e-06 
  -2.7e-19 
   9.7e-05 
  -2.4e-06 
   8.3e-07 
   1.1e-18 
   9.7e-05 
   5e-07   
  -2.5e-06 
  -8.6e-19 
   9.7e-05 

QFRC_SPRING
   2.7e-07 
   2.4e-07 
  -2.5e-19 
   9.7e-05 
  -3.4e-07 
   1.2e-07 
  -1.5e-19 
   9.7e-05 
   7e-08   
  -3.5e-07 
  -2.9e-19 
   9.7e-05 

QFRC_DAMPER
   1.7e-06 
   1.5e-06 
   2.6e-19 
  -5.1e-15 
  -2.1e-06 
   7.1e-07 
   1.5e-18 
  -5.1e-15 
   4.3e-07 
  -2.2e-06 
  -2.9e-19 
  -5.1e-15 

QFRC_GRAVCOMP
   0       
   0       
   0       
   0       
   0       
   0       
   0       
   0       
   0       
   0       
   0       
   0       

QFRC_FLUID
   0       
   0       
   0       
   0       
   0       
   0       
   0       
   0       
   0       
   0       
   0       
   0       

QFRC_PASSIVE
   1.9e-06 
   1.7e-06 
   6.8e-21 
   9.7e-05 
  -2.4e-06 
   8.3e-07 
   1.4e-18 
   9.7e-05 
   5e-07   
  -2.5e-06 
  -5.8e-19 
   9.7e-05 

SUBTREE_LINVEL
   0         0         0       
   0         0         0       
   0         0         0       
   0         0         0       
   0         0         0       
   0         0         0       
   0         0         0       
   0         0         0       
   0         0         0       
   0         0         0       

SUBTREE_ANGMOM
   0         0         0       
   0         0         0       
   0         0         0       
   0         0         0       
   0         0         0       
   0         0         0       
   0         0         0       
   0         0         0       
   0         0         0       
   0         0         0       

QFRC_ACTUATOR
   0       
   0       
   0       
   0       
   0       
   0       
   0       
   0       
   0       
   0       
   0       
   0       

QFRC_SMOOTH
   5.9e-14 
   5.2e-14 
   2.7e-19 
   0       
  -7.4e-14 
   2.5e-14 
   2.7e-19 
  -1.4e-20 
   1.5e-14 
  -7.7e-14 
   2.7e-19 
   0       

QACC_SMOOTH
   2e-05   
   1.3e-06 
  -9.4e-06 
   1.1e-23 
  -1.1e-05 
   1.7e-05 
  -9.4e-06 
  -8e-16   
  -9e-06   
  -1.8e-05 
  -9.4e-06 
   1.5e-23 

QFRC_CONSTRAINT
   0       
   0       
   0       
   0       
   0       
   0       
   0       
   0       
   0       
   0       
   0       
   0       

QFRC_INVERSE
   0       
   0       
   0       
   0       
   0       
   0       
   0       
   0       
   0       
   0       
   0       
   0       

CACC
   0         0         0         0         0         0       
   0         0         0         0         0         0       
   0         0         0         0         0         0       
   0         0         0         0         0         0       
   0         0         0         0         0         0       
   0         0         0         0         0         0       
   0         0         0         0         0         0       
   0         0         0         0         0         0       
   0         0         0         0         0         0       
   0         0         0         0         0         0       

CFRC_INT
   0         0         0         0         0         0       
   0         0         0         0         0         0       
   0         0         0         0         0         0       
   0         0         0         0         0         0       
   0         0         0         0         0         0       
   0         0         0         0         0         0       
   0         0         0         0         0         0       
   0         0         0         0         0         0       
   0         0         0         0         0         0       
   0         0         0         0         0         0       

CFRC_EXT
   0         0         0         0         0         0       
   0         0         0         0         0         0       
   0         0         0         0         0         0       
   0         0         0         0         0         0       
   0         0         0         0         0         0       
   0         0         0         0         0         0       
   0         0         0         0         0         0       
   0         0         0         0         0         0       
   0         0         0         0         0         0       
   0         0         0         0         0         0       

